bta 32, 32[0, .889.2198 , .8846183 , .8785046 , .8740424 , .8694106 ,  .8630022 ,.8601716 ,.8548939 ,.8502534 ,.8421492, .8393752 ,.8353899 ,.8289224 ,.8231492 ,.8175684]

bta 32,64 [0,1.6204 , 1.6091 , 1.6080 , 1.5979 ,  1.6019, 1.5879,1.5896 ,1.5785 ,1.5811 ,1.5667,1.5715,1.5566,1.5591,1.5450, 1.5469]

bta 64,64 [0, 1.7653 ,1.7620 ,1.7585, 1.7495, 1.7448, 1.7369,1.7321 ,1.7278 ,1.7240 ,1.7179,1.7135,1.7092,1.7052,1.6975,1.6945]

btm 32, 32 [0, 4.4194, 4.1470, 3.8712, 3.6900, 3.4301,3.1957 ,3.0342 ,2.8028 ,2.5685 ,2.4261,2.558612,2.0411,1.9182,1.7561,1.5972]

btm 32, 64 =[0, 8.5007, 8.0576 , 7.6706 , 7.3762 , 6.9593 , 6.56237,6.2935 ,5.9425 ,5.5465 ,5.3194 4.9607 ,4.6345 4.4028 ,4.1278 ,3.7874]

btm 64, 64 = [0 , 17.6200, 16.9703, 16.5727, 16.0470, 15.4340,  15.0166,14.5268 ,13.9600 ,13.6053 ,13.1328 ,12.6118 ,12.3106 ,11.8315 ,11.2906,10.9915]


